0 30
604800 18
1209600 1
125798400 1
315100800 1
471744000 1
474768000 1
480816000 1
490492800 1
553996800 1
555811200 1
564883200 1
567907200 1
576374400 1
616896000 1
618105600 1
619315200 1
621129600 1
622944000 1
624153600 1
627177600 1
635644800 1
644112000 1
646531200 1
665884800 1
703987200 1
726364800 1
728179200 2
731203200 1
732412800 1
737856000 1
739670400 1
742694400 1
747532800 1
752976000 1
759024000 1
761443200 1
774144000 1
775958400 1
780192000 1
784425600 1
785635200 1
786240000 1
788659200 1
789868800 1
790473600 1
793497600 1
794707200 1
796521600 1
798940800 1
800150400 1
802569600 1
805593600 1
806803200 1
812246400 2
814060800 1
818294400 1
818899200 1
819504000 1
821318400 1
822528000 2
824947200 1
829180800 2
832809600 1
833414400 2
834019200 1
843696000 1
849139200 1
849744000 1
854582400 1
856396800 1
860630400 1
861235200 1
864864000 1
865468800 2
866073600 1
868492800 1
869097600 1
870307200 2
870912000 2
872121600 1
873936000 1
874540800 1
875145600 2
875750400 1
876960000 1
878169600 1
879379200 2
881193600 2
881798400 1
882403200 2
883612800 1
884217600 3
885427200 2
886032000 2
886636800 1
887241600 2
887846400 2
888451200 2
889056000 1
890265600 1
890870400 2
892080000 10
892684800 5
894499200 3
895104000 1
896918400 1
897523200 1
898732800 4
899337600 3
899942400 3
900547200 1
901152000 1
902361600 3
902966400 1
903571200 2
904176000 3
904780800 1
905385600 5
905990400 2
906595200 2
907200000 2
907804800 3
908409600 1
909014400 1
909619200 2
910224000 1
910828800 2
911433600 3
912038400 4
912643200 3
913852800 1
915062400 3
915667200 1
916272000 1
916876800 5
917481600 2
918086400 3
918691200 5
919296000 2
919900800 3
920505600 1
921110400 5
921715200 1
922320000 3
922924800 4
923529600 1
924134400 3
924739200 4
925344000 5
925948800 7
926553600 8
927158400 7
927763200 11
928368000 7
928972800 3
929577600 6
930182400 4
930787200 5
931392000 12
931996800 3
932601600 4
933206400 2
933811200 3
934416000 5
935020800 2
935625600 2
936835200 4
937440000 7
938044800 7
938649600 3
939254400 3
939859200 4
940464000 2
941068800 3
941673600 11
942278400 3
942883200 3
943488000 3
944092800 1
944697600 5
945302400 8
945907200 3
946512000 11
947116800 10
947721600 5
948326400 6
948931200 4
949536000 5
950140800 3
950745600 7
951350400 5
951955200 4
952560000 4
953164800 2
953769600 19
954374400 20
954979200 7
955584000 6
956188800 5
956793600 6
957398400 5
958003200 4
958608000 14
959212800 3
959817600 8
960422400 17
961027200 6
961632000 4
962236800 2
962841600 4
963446400 10
964051200 3
964656000 6
965260800 4
965865600 5
966470400 9
967075200 11
967680000 4
968284800 3
968889600 5
969494400 4
970099200 11
970704000 9
971308800 4
971913600 8
972518400 2
973123200 5
973728000 10
974332800 8
974937600 5
975542400 2
976147200 6
976752000 6
977356800 3
977961600 17
978566400 18
979171200 11
979776000 6
980380800 13
980985600 7
981590400 6
982195200 17
982800000 18
983404800 12
984009600 13
984614400 11
985219200 14
985824000 11
986428800 14
987033600 17
987638400 13
988243200 28
988848000 18
989452800 14
990057600 20
990662400 12
991267200 23
991872000 20
992476800 25
993081600 20
993686400 17
994291200 21
994896000 20
995500800 33
996105600 26
996710400 23
997315200 26
997920000 27
998524800 22
999129600 25
999734400 24
1000339200 27
1000944000 24
1001548800 27
1002153600 28
1002758400 33
1003363200 32
1003968000 36
1004572800 34
1005177600 42
1005782400 29
1006387200 31
1006992000 27
1007596800 31
1008201600 28
1008806400 13
1009411200 29
1010016000 22
1010620800 26
1011225600 75
1011830400 21
1012435200 21
1013040000 33
1013644800 29
1014249600 84
1014854400 38
1015459200 35
1016064000 33
1016668800 45
1017273600 29
1017878400 35
1018483200 32
1019088000 39
1019692800 63
1020297600 33
1020902400 52
1021507200 55
1022112000 38
1022716800 26
1023321600 27
1023926400 22
1024531200 40
1025136000 47
1025740800 38
1026345600 58
1026950400 36
1027555200 45
1028160000 32
1028764800 42
1029369600 31
1029974400 35
1030579200 27
1031184000 56
1031788800 48
1032393600 42
1032998400 47
1033603200 67
1034208000 63
1034812800 42
1035417600 37
1036022400 45
1036627200 47
1037232000 36
1037836800 63
1038441600 56
1039046400 43
1039651200 40
1040256000 31
1040860800 28
1041465600 44
1042070400 39
1042675200 47
1043280000 34
1043884800 48
1044489600 43
1045094400 53
1045699200 57
1046304000 56
1046908800 54
1047513600 39
1048118400 38
1048723200 37
1049328000 37
1049932800 46
1050537600 30
1051142400 56
1051747200 55
1052352000 56
1052956800 60
1053561600 179
1054166400 80
1054771200 71
1055376000 78
1055980800 70
1056585600 57
1057190400 69
1057795200 64
1058400000 73
1059004800 49
1059609600 79
1060214400 69
1060819200 73
1061424000 71
1062028800 128
1062633600 74
1063238400 66
1063843200 59
1064448000 67
1065052800 126
1065657600 71
1066262400 70
1066867200 73
1067472000 76
1068076800 67
1068681600 70
1069286400 79
1069891200 62
1070496000 74
1071100800 79
1071705600 92
1072310400 63
1072915200 79
1073520000 82
1074124800 72
1074729600 75
1075334400 75
1075939200 59
1076544000 88
1077148800 75
1077753600 78
1078358400 73
1078963200 131
1079568000 83
1080172800 68
1080777600 75
1081382400 69
1081987200 70
1082592000 67
1083196800 71
1083801600 75
1084406400 57
1085011200 64
1085616000 153
1086220800 80
1086825600 66
1087430400 58
1088035200 67
1088640000 83
1089244800 92
1089849600 84
1090454400 82
1091059200 84
1091664000 74
1092268800 84
1092873600 97
1093478400 99
1094083200 83
1094688000 95
1095292800 73
1095897600 90
1096502400 75
1097107200 72
1097712000 74
1098316800 95
1098921600 121
1099526400 83
1100131200 76
1100736000 100
1101340800 91
1101945600 173
1102550400 83
1103155200 85
1103760000 91
1104364800 89
1104969600 93
1105574400 103
1106179200 88
1106784000 93
1107388800 106
1107993600 101
1108598400 116
1109203200 95
1109808000 101
1110412800 105
1111017600 143
1111622400 126
1112227200 127
1112832000 130
1113436800 94
1114041600 144
1114646400 123
1115251200 131
1115856000 136
1116460800 102
1117065600 107
1117670400 112
1118275200 134
1118880000 134
1119484800 111
1120089600 108
1120694400 124
1121299200 91
1121904000 131
1122508800 114
1123113600 117
1123718400 116
1124323200 119
1124928000 141
1125532800 161
1126137600 144
1126742400 152
1127347200 172
1127952000 245
1128556800 170
1129161600 138
1129766400 137
1130371200 278
1130976000 180
1131580800 157
1132185600 235
1132790400 165
1133395200 178
1134000000 203
1134604800 172
1135209600 165
1135814400 115
1136419200 228
1137024000 183
1137628800 170
1138233600 177
1138838400 206
1139443200 196
1140048000 266
1140652800 201
1141257600 305
1141862400 180
1142467200 189
1143072000 245
1143676800 265
1144281600 255
1144886400 193
1145491200 258
1146096000 184
1146700800 167
1147305600 199
1147910400 350
1148515200 215
1149120000 228
1149724800 247
1150329600 210
1150934400 194
1151539200 186
1152144000 219
1152748800 245
1153353600 225
1153958400 218
1154563200 233
1155168000 242
1155772800 226
1156377600 237
1156982400 281
1157587200 250
1158192000 226
1158796800 199
1159401600 236
1160006400 245
1160611200 254
1161216000 227
1161820800 259
1162425600 315
1163030400 252
1163635200 280
1164240000 291
1164844800 262
1165449600 269
1166054400 247
1166659200 213
1167264000 215
1167868800 258
1168473600 256
1169078400 256
1169683200 240
1170288000 260
1170892800 783
1171497600 276
1172102400 321
1172707200 408
1173312000 307
1173916800 296
1174521600 291
1175126400 275
1175731200 275
1176336000 287
1176940800 279
1177545600 328
1178150400 268
1178755200 285
1179360000 267
1179964800 286
1180569600 293
1181174400 314
1181779200 346
1182384000 326
1182988800 324
1183593600 322
1184198400 278
1184803200 302
1185408000 351
1186012800 308
1186617600 309
1187222400 326
1187827200 349
1188432000 345
1189036800 395
1189641600 386
1190246400 344
1190851200 351
1191456000 377
1192060800 399
1192665600 415
1193270400 392
1193875200 450
1194480000 433
1195084800 379
1195689600 408
1196294400 421
1196899200 430
1197504000 412
1198108800 377
1198713600 300
1199318400 447
1199923200 459
1200528000 476
1201132800 475
1201737600 600
1202342400 495
1202947200 505
1203552000 461
1204156800 499
1204761600 538
1205366400 590
1205971200 596
1206576000 619
1207180800 607
1207785600 646
1208390400 618
1208995200 597
1209600000 635
1210204800 700
1210809600 691
1211414400 727
1212019200 749
1212624000 737
1213228800 717
1213833600 751
1214438400 750
1215043200 724
1215648000 700
1216252800 743
1216857600 732
1217462400 790
1218067200 736
1218672000 767
1219276800 821
1219881600 835
1220486400 810
1221091200 723
1221696000 801
1222300800 775
1222905600 846
1223510400 821
1224115200 873
1224720000 844
1225324800 880
1225929600 985
1226534400 1002
1227139200 955
1227744000 920
1228348800 956
1228953600 986
1229558400 868
1230163200 682
1230768000 892
1231372800 1082
1231977600 1141
1232582400 1190
1233187200 1164
1233792000 1164
1234396800 1211
1235001600 1305
1235606400 1318
1236211200 1266
1236816000 1415
1237420800 1245
1238025600 1308
1238630400 1256
1239235200 1191
1239840000 1290
1240444800 1364
1241049600 1310
1241654400 1314
1242259200 1319
1242864000 1401
1243468800 1393
1244073600 1371
1244678400 1379
1245283200 1425
1245888000 1380
1246492800 1408
1247097600 1428
1247702400 1464
1248307200 1508
1248912000 1549
1249516800 1468
1250121600 1570
1250726400 1560
1251331200 1645
1251936000 1684
1252540800 1658
1253145600 1787
1253750400 1700
1254355200 1743
1254960000 1739
1255564800 1797
1256169600 1849
1256774400 1735
1257379200 1859
1257984000 1935
1258588800 2053
1259193600 1961
1259798400 2015
1260403200 2020
1261008000 1925
1261612800 1472
1262217600 1897
1262822400 2210
1263427200 2382
1264032000 2419
1264636800 2533
1265241600 2595
1265846400 2505
1266451200 2601
1267056000 2734
1267660800 2793
1268265600 2657
1268870400 2640
1269475200 2938
1270080000 2684
1270684800 2736
1271289600 2724
1271894400 2857
1272499200 2848
1273104000 2768
1273708800 2978
1274313600 2995
1274918400 2855
1275523200 2997
1276128000 3109
1276732800 3024
1277337600 3018
1277942400 2882
1278547200 3129
1279152000 3104
1279756800 3274
1280361600 3354
1280966400 3333
1281571200 3437
1282176000 3919
1282780800 3770
1283385600 3721
1283990400 3844
1284595200 3983
1285200000 4114
1285804800 4197
1286409600 4317
1287014400 4583
1287619200 4535
1288224000 4544
1288828800 4782
1289433600 4686
1290038400 4729
1290643200 4501
1291248000 4869
1291852800 4955
1292457600 4858
1293062400 3825
1293667200 4567
1294272000 5430
1294876800 5769
1295481600 5968
1296086400 6139
1296691200 6456
1297296000 6628
1297900800 6853
1298505600 7271
1299110400 7069
1299715200 7013
1300320000 7165
1300924800 7444
1301529600 7784
1302134400 7753
1302739200 7793
1303344000 7863
1303948800 8391
1304553600 8455
1305158400 8982
1305763200 9345
1306368000 9054
1306972800 9078
1307577600 9388
1308182400 9790
1308787200 9916
1309392000 9430
1309996800 9903
1310601600 10117
1311206400 10381
1311811200 10480
1312416000 10643
1313020800 11016
1313625600 11715
1314230400 12160
1314835200 12414
1315440000 13183
1316044800 13261
1316649600 13929
1317254400 13933
1317859200 13973
1318464000 14682
1319068800 15211
1319673600 15375
1320278400 16168
1320883200 16569
1321488000 17271
1322092800 16788
1322697600 18376
1323302400 19120
1323907200 19092
1324512000 14305
1325116800 16757
1325721600 21510
1326326400 23536
1326931200 26410
1327536000 31932
1328140800 32323
1328745600 33487
1329350400 35250
1329955200 36407
1330560000 32005
1331164800 36319
1331769600 39769
1332374400 41008
1332979200 41492
1333584000 40155
1334188800 43165
1334793600 44160
1335398400 43319
1336003200 45756
1336608000 46350
1337212800 45725
1337817600 46173
1338422400 49578
1339027200 51700
1339632000 53757
1340236800 56435
1340841600 57224
1341446400 64398
1342051200 69524
1342656000 73950
1343260800 81347
1343865600 113949
1344470400 112885
1345075200 117461
1345680000 122807
1346284800 116684
1346889600 122046
1347494400 121930
1348099200 122351
1348704000 102170
1349308800 1116
1349913600 133
1350518400 9
1351123200 5
1351728000 3
1352332800 3
1352937600 1
1353542400 2
1354147200 3
1354752000 1
1355356800 2
1355961600 3
1356566400 3
1357171200 1
1357776000 3
1358380800 3
1358985600 1
1363824000 1
1369872000 1
1370476800 1
1371081600 1
1371686400 1
1373500800 1
1374105600 1
1374710400 1
1376524800 1
1377734400 2
1378339200 1
1392854400 1
1403740800 1
1407369600 1
1437004800 1
1466640000 1
1496880000 1
1504137600 1
1545868800 1
1737590400 1
1738195200 1
1766620800 1
1767225600 2
1903305600 1
2145830400 2
